| Code                                                                                                                                         | Occurrences (in sample) |
| -------------------------------------------------------------------------------------------------------------------------------------------- | ----------------------- |
| 0446                                                                                                                                         | 400                     |
| 6498                                                                                                                                         | 60                      |
| 0612                                                                                                                                         | 45                      |
| 6699                                                                                                                                         | 29                      |
| 6155                                                                                                                                         | 13                      |
| 0095                                                                                                                                         | 8                       |
| 0748                                                                                                                                         | 7                       |
| 6593                                                                                                                                         | 6                       |
| 0179                                                                                                                                         | 6                       |
| 0673                                                                                                                                         | 5                       |
| 3299, 0393                                                                                                                                   | 4 each                  |
| 0907, 0325, 3261, 4043, 6690, 0103                                                                                                           | 3 each                  |
| 6363, 6676, 0313, 3163, 6741, 6813                                                                                                           | 2 each                  |
| 6706, 3004, 0470, 3013, 0935, 3064, 6697, 6284, 6681, 0949, 6648, 0184, 6867, 0307, 0235, 6745, 2001, 3256 (and several more appearing once) | 1 each                  |
